SIMPLE  = T
BITPIX  = -64
NAXIS   = 2
NAXIS1  = 1286
NAXIS2  = 1286
CTYPE1  = 'RA---TAN'
CTYPE2  = 'DEC--TAN'
CRVAL1  =   35.639000
CRVAL2  =   42.349000
CRPIX1  =  643.500000
CRPIX2  =  643.500000
CDELT1  =   -0.000388889
CDELT2  =    0.000388889
CROTA2  =    0.000000
EQUINOX = 2000.0
END
