SIMPLE  = T
BITPIX  = -64
NAXIS   = 2
NAXIS1  = 1059
NAXIS2  = 1059
CTYPE1  = 'RA---TAN'
CTYPE2  = 'DEC--TAN'
CRVAL1  =   35.639000
CRVAL2  =   42.349000
CRPIX1  =  530.000000
CRPIX2  =  530.000000
CDELT1  =   -0.000472222
CDELT2  =    0.000472222
CROTA2  =    0.000000
EQUINOX = 2000.0
END
