SIMPLE  = T
BITPIX  = -64
NAXIS   = 2
NAXIS1  = 632
NAXIS2  = 632
CTYPE1  = 'RA---TAN'
CTYPE2  = 'DEC--TAN'
CRVAL1  =   35.639000
CRVAL2  =   42.349000
CRPIX1  =  316.500000
CRPIX2  =  316.500000
CDELT1  =   -0.000791667
CDELT2  =    0.000791667
CROTA2  =    0.000000
EQUINOX = 2000.0
END
