SIMPLE  = T
BITPIX  = -64
NAXIS   = 2
NAXIS1  = 226
NAXIS2  = 225
CTYPE1  = 'RA---TAN'
CTYPE2  = 'DEC--TAN'
CRVAL1  =   35.639000
CRVAL2  =   42.349000
CRPIX1  =  113.500000
CRPIX2  =  113.000000
CDELT1  =   -0.002222222
CDELT2  =    0.002222222
CROTA2  =    0.000000
EQUINOX = 2000.0
END
